0 0 0 0 15 0 0 0 0 15 0 0 0 0 0 0 15 0 0 0 0 0 0 0 0 15 0 0 30 15 0 0 0 15 0 0 0 0 0 0 0 0 0 0 0 0 0 0 15 0 0 0 0 0 0 15 0 1 10 3 0 0 0 0 0 16 3 0 2 4 0 0 0 0 15 0 1 3 2 6 0 0 0 0 2 0 2 3 2 7 0 0 0 0 0 2 3 2 2 6 
0 0 0 0 15 15 0 30 15 0 
0 0 0 0 15 15 0 30 15 0 0 0 15 0 0 0 0 30 13 15 
0 0 0 0 15 15 0 30 15 0 0 0 15 0 0 0 0 30 13 15 0 0 0 0 0 0 15 0 15 0 
0 0 0 0 15 15 0 30 15 0 0 0 15 0 0 0 0 30 13 15 0 0 0 0 0 0 15 0 15 0 0 0 15 0 15 0 0 0 15 0 
0 0 0 0 15 15 0 30 15 0 0 0 15 0 0 0 0 30 13 15 0 0 0 0 0 0 15 0 15 0 0 0 15 0 15 0 0 0 15 0 0 12 0 0 0 0 0 0 0 0 
0 0 0 0 15 15 0 30 15 0 0 0 15 0 0 0 0 30 13 15 0 0 0 0 0 0 15 0 15 0 0 0 15 0 15 0 0 0 15 0 0 12 0 0 0 0 0 0 0 0 0 0 0 0 0 15 0 0 0 15 
0 0 0 0 15 15 0 30 15 0 0 0 15 0 0 0 0 30 13 15 0 0 0 0 0 0 15 0 15 0 0 0 15 0 15 0 0 0 15 0 0 12 0 0 0 0 0 0 0 0 0 0 0 0 0 15 0 0 0 15 0 0 0 0 0 15 0 0 15 15 
0 0 0 0 15 15 0 30 15 0 0 0 15 0 0 0 0 30 13 15 0 0 0 0 0 0 15 0 15 0 0 0 15 0 15 0 0 0 15 0 0 12 0 0 0 0 0 0 0 0 0 0 0 0 0 15 0 0 0 15 0 0 0 0 0 15 0 0 15 15 0 0 0 5 0 0 0 15 0 0 
0 0 0 0 15 15 0 30 15 0 0 0 15 0 0 0 0 30 13 15 0 0 0 0 0 0 15 0 15 0 0 0 15 0 15 0 0 0 15 0 0 12 0 0 0 0 0 0 0 0 0 0 0 0 0 15 0 0 0 15 0 0 0 0 0 15 0 0 15 15 0 0 0 5 0 0 0 15 0 0 0 0 0 0 15 0 0 0 0 0 
0 0 0 0 15 15 0 30 15 0 0 0 15 0 0 0 0 30 13 15 0 0 0 0 0 0 15 0 15 0 0 0 15 0 15 0 0 0 15 0 0 12 0 0 0 0 0 0 0 0 0 0 0 0 0 15 0 0 0 15 0 0 0 0 0 15 0 0 15 15 0 0 0 5 0 0 0 15 0 0 0 0 0 0 15 0 0 0 0 0 0 0 0 15 0 0 0 0 15 0 
