0.0 0.05 0.0 9.55 20.2 33.9 165.35 251.15 356.75 805.1 
0.0 0.0 0.0 0.0 0.0 1.9 16.0 7.8 2.85 32.85 
0.0 0.0 0.0 0.0 0.0 0.0 0.4 0.0 8.4 29.2 
0.0 0.0 0.0 0.0 0.0 0.0 0.0 0.0 0.0 2.0 
0.0 0.0 0.0 0.0 0.0 0.0 0.0 0.0 0.0 2.65 
0.0 0.0 0.0 0.0 0.0 0.0 0.0 0.0 0.0 0.0 
0.0 0.0 0.0 0.0 0.0 0.0 0.0 0.0 0.0 0.0 
0.0 0.0 0.0 0.0 0.0 0.0 0.0 0.0 0.0 0.0 
0.0 0.0 0.0 0.0 0.0 0.0 0.0 0.0 0.0 0.0 
0.0 0.0 0.0 0.0 0.0 0.0 0.0 0.0 0.0 0.0 
0.0 0.0 0.0 0.0 27.65 89.4 72.0 218.6 553.3 1035.05 
0.0 0.0 0.0 0.0 6.65 0.0 0.0 4.95 25.95 6.45 
0.0 0.0 0.0 0.0 0.0 0.0 5.0 7.65 0.0 4.2 
0.0 0.0 0.0 0.0 0.0 3.35 0.0 0.0 1.4 0.0 
0.0 0.0 0.0 0.0 0.0 0.0 0.0 0.0 0.0 0.0 
0.0 0.0 0.0 0.0 0.0 0.0 0.0 0.0 0.0 0.0 
0.0 0.0 0.0 0.0 0.0 0.0 0.0 0.0 0.0 0.0 
0.0 0.0 0.0 0.0 0.0 0.0 0.0 0.0 0.0 0.0 
0.0 0.0 0.0 0.0 0.0 0.0 0.0 0.0 0.0 0.0 
0.0 0.0 0.0 0.0 0.0 0.0 0.0 0.0 0.0 0.0 
