2 10 21 35 47 57 73 81 95 108 123 130 149 154 173 184 202 201 214 241 
1 4 8 16 26 34 43 54 65 82 87 104 116 131 140 151 169 173 191 198 
1 2 7 9 17 21 28 38 48 55 63 70 86 95 109 120 134 137 154 166 
0 2 5 8 11 16 20 29 39 44 52 61 73 77 92 103 111 123 134 147 
0 1 4 5 11 15 20 24 31 35 42 54 59 73 73 86 93 102 114 114 
3 10 19 35 51 60 69 82 95 110 126 128 146 162 170 173 200 216 220 244 
1 4 9 16 23 34 44 54 67 76 95 104 113 135 140 153 162 176 185 197 
0 3 6 11 17 21 30 37 47 58 62 76 82 100 107 122 136 141 152 164 
0 3 5 8 13 17 24 28 37 46 57 59 70 75 92 98 111 122 133 141 
0 1 3 5 11 13 16 23 31 38 49 50 59 65 74 83 92 105 112 123 
2 12 22 31 44 59 67 89 108 113 125 126 149 158 171 180 198 203 218 232 
1 3 9 15 25 33 42 52 67 75 90 100 114 127 143 151 170 173 184 203 
0 2 6 10 14 23 33 38 50 57 65 80 85 101 108 122 135 143 156 163 
0 1 5 9 11 15 27 33 40 50 50 60 65 79 93 102 113 123 126 142 
0 2 3 4 8 13 19 24 30 35 44 51 59 64 76 84 94 97 112 121 
