200 200 200 200 250 390 400 400 400 480 400 400 400 400 400 400 400 400 400 480 600 600 600 600 600 600 600 600 600 600 800 800 800 800 800 800 800 800 800 800 1000 1000 1000 1000 1000 1000 1000 1000 1000 1000 1200 1200 1200 1200 1200 1200 1200 1200 1200 1200 1400 1400 1400 1400 1400 1400 1400 1400 1400 1400 1600 1600 1600 1600 1600 1600 1600 1600 1600 1600 1800 1800 1800 1800 1800 1800 1800 1800 1800 1800 2000 2000 2000 2000 2000 2000 2000 2000 2000 2000 
200 200 200 200 230 390 400 400 400 440 
200 200 200 200 230 390 400 400 400 440 400 400 400 400 400 400 400 400 400 480 
200 200 200 200 230 390 400 400 400 440 400 400 400 400 400 400 400 400 400 480 600 600 600 600 600 600 600 600 600 600 
200 200 200 200 230 390 400 400 400 440 400 400 400 400 400 400 400 400 400 480 600 600 600 600 600 600 600 600 600 600 800 800 800 800 800 800 800 800 800 800 
200 200 200 200 230 390 400 400 400 440 400 400 400 400 400 400 400 400 400 480 600 600 600 600 600 600 600 600 600 600 800 800 800 800 800 800 800 800 800 800 1000 1000 1000 1000 1000 1000 1000 1000 1000 1000 
200 200 200 200 230 390 400 400 400 440 400 400 400 400 400 400 400 400 400 480 600 600 600 600 600 600 600 600 600 600 800 800 800 800 800 800 800 800 800 800 1000 1000 1000 1000 1000 1000 1000 1000 1000 1000 1200 1200 1200 1200 1200 1200 1200 1200 1200 1200 
200 200 200 200 230 390 400 400 400 440 400 400 400 400 400 400 400 400 400 480 600 600 600 600 600 600 600 600 600 600 800 800 800 800 800 800 800 800 800 800 1000 1000 1000 1000 1000 1000 1000 1000 1000 1000 1200 1200 1200 1200 1200 1200 1200 1200 1200 1200 1400 1400 1400 1400 1400 1400 1400 1400 1400 1400 
200 200 200 200 230 390 400 400 400 440 400 400 400 400 400 400 400 400 400 480 600 600 600 600 600 600 600 600 600 600 800 800 800 800 800 800 800 800 800 800 1000 1000 1000 1000 1000 1000 1000 1000 1000 1000 1200 1200 1200 1200 1200 1200 1200 1200 1200 1200 1400 1400 1400 1400 1400 1400 1400 1400 1400 1400 1600 1600 1600 1600 1600 1600 1600 1600 1600 1600 
200 200 200 200 230 390 400 400 400 440 400 400 400 400 400 400 400 400 400 480 600 600 600 600 600 600 600 600 600 600 800 800 800 800 800 800 800 800 800 800 1000 1000 1000 1000 1000 1000 1000 1000 1000 1000 1200 1200 1200 1200 1200 1200 1200 1200 1200 1200 1400 1400 1400 1400 1400 1400 1400 1400 1400 1400 1600 1600 1600 1600 1600 1600 1600 1600 1600 1600 1800 1800 1800 1800 1800 1800 1800 1800 1800 1800 
200 200 200 200 230 390 400 400 400 440 400 400 400 400 400 400 400 400 400 480 600 600 600 600 600 600 600 600 600 600 800 800 800 800 800 800 800 800 800 800 1000 1000 1000 1000 1000 1000 1000 1000 1000 1000 1200 1200 1200 1200 1200 1200 1200 1200 1200 1200 1400 1400 1400 1400 1400 1400 1400 1400 1400 1400 1600 1600 1600 1600 1600 1600 1600 1600 1600 1600 1800 1800 1800 1800 1800 1800 1800 1800 1800 1800 2000 2000 2000 2000 2000 2000 2000 2000 2000 2000 
