0.45 205.2 422.85 630.15 847.85 1041.7 1258.3 1573.5 1674.8 1904.2 2082.9 2264.95 2540.15 2799.05 3076.15 3220.9 3373.55 3590.15 3745.8 4009.9 
0.35 193.85 409.8 634.05 807.0 1008.25 1267.15 1449.35 1676.15 1840.65 2055.65 2274.9 2567.8 2829.55 2949.2 3085.1 3270.95 3551.95 3693.8 3900.05 
0.1 169.75 363.0 515.9 718.55 894.35 1054.9 1237.65 1469.8 1667.15 1813.05 1966.7 2115.5 2288.1 2453.15 2639.0 2886.95 3167.45 3330.95 3477.55 
0.6 182.05 388.85 625.9 796.65 1006.0 1271.55 1408.7 1602.3 1790.9 2037.75 2301.9 2552.75 2681.05 2915.0 3020.85 3221.0 3390.35 3620.55 3865.1 
0.25 198.55 415.1 608.2 825.35 1007.6 1166.55 1486.1 1671.1 1840.0 1994.75 2226.9 2462.9 2722.45 3005.0 3271.0 3411.6 3592.05 3715.8 3904.95 
0.05 161.9 349.5 505.5 716.7 916.2 1059.55 1248.4 1513.05 1712.7 1837.75 1994.25 2169.75 2347.0 2504.45 2729.9 3002.45 3228.4 3417.4 3520.65 
0.3 155.55 334.0 539.55 739.95 974.95 1128.4 1300.4 1488.95 1680.3 1976.0 2120.4 2199.4 2423.95 2607.6 2820.25 3013.75 3281.15 3474.55 3704.25 
0.0 153.35 351.8 582.7 747.45 979.15 1212.55 1357.35 1566.05 1757.95 1982.95 2264.05 2486.9 2672.4 2803.95 2970.3 3140.9 3322.8 3560.9 3835.1 
0.0 147.45 356.4 597.3 765.9 967.7 1243.8 1409.0 1600.65 1794.35 2046.3 2242.5 2554.65 2850.45 2875.9 3114.7 3308.6 3459.0 3669.15 3910.85 
0.1 151.65 373.4 563.4 784.85 969.6 1193.7 1496.4 1639.1 1812.4 2014.0 2250.85 2509.2 2702.6 3032.0 3193.9 3352.25 3534.1 3697.65 3890.0 
0.0 144.6 353.95 528.5 765.55 968.7 1173.9 1397.2 1636.7 1790.7 1989.8 2131.35 2375.35 2575.65 2813.95 3133.15 3315.8 3465.6 3657.75 3849.0 
0.0 130.7 327.1 502.6 732.55 897.3 1051.15 1252.45 1472.95 1680.95 1820.95 2008.95 2186.2 2395.55 2558.0 2822.0 3039.1 3290.4 3430.65 3525.05 
0.05 118.35 296.95 472.6 679.35 850.8 997.65 1203.9 1421.45 1654.4 1776.35 1931.3 2088.2 2268.4 2454.5 2652.8 2874.8 3097.65 3360.65 3496.25 
0.25 111.25 312.55 498.2 674.9 912.7 1039.4 1215.45 1421.3 1649.35 1912.5 2060.3 2187.8 2362.8 2558.4 2728.55 2992.7 3217.55 3385.95 3640.7 
0.25 116.0 302.95 498.15 703.65 934.05 1122.05 1279.25 1415.35 1701.8 1918.05 2155.95 2270.8 2459.3 2641.1 2768.95 2985.35 3201.15 3409.65 3685.7 
0.0 109.85 293.4 522.25 701.4 906.7 1165.45 1340.95 1477.55 1675.6 1934.5 2227.25 2390.65 2590.35 2728.45 2927.8 3084.85 3313.25 3508.95 3703.0 
0.05 96.9 301.65 536.95 709.3 941.7 1187.35 1336.6 1523.3 1708.85 1934.85 2191.05 2440.25 2648.85 2789.7 2933.65 3223.2 3316.55 3538.75 3789.5 
0.0 101.3 300.7 543.35 721.3 918.15 1176.75 1409.25 1522.35 1730.8 1965.4 2214.65 2481.4 2736.95 2846.8 3061.15 3231.5 3414.05 3614.5 3809.45 
0.0 88.6 303.15 508.7 727.15 905.85 1168.5 1401.7 1579.95 1702.75 1952.3 2175.6 2497.85 2695.15 2962.45 3108.7 3254.65 3429.3 3592.25 3819.65 
0.0 90.65 316.9 506.8 703.9 916.75 1149.05 1416.65 1590.3 1754.6 1920.85 2140.6 2394.85 2689.1 2924.65 3146.5 3248.8 3477.65 3606.75 3820.8 
0.05 82.0 292.35 482.85 719.25 918.0 1097.05 1385.6 1593.35 1783.65 1982.25 2160.85 2325.25 2613.8 2900.5 3147.4 3329.0 3426.0 3621.05 3795.25 
0.0 79.55 307.45 479.25 717.65 867.0 1097.75 1331.15 1588.0 1744.0 1927.1 2113.15 2306.9 2530.4 2752.35 3068.2 3282.65 3436.45 3524.3 3766.55 
0.0 74.4 288.7 459.95 713.55 836.35 1024.55 1285.45 1520.15 1687.5 1831.8 2037.85 2245.6 2428.65 2728.15 2906.7 3229.4 3328.5 3510.15 3684.35 
0.1 75.7 266.45 427.1 658.05 820.05 1030.75 1219.75 1429.8 1633.55 1786.05 1973.15 2174.95 2322.55 2571.2 2773.0 3031.35 3225.95 3402.35 3526.4 
0.2 65.3 240.75 411.5 612.45 798.05 939.0 1143.6 1373.0 1547.4 1700.65 1840.9 2011.6 2218.45 2418.8 2595.9 2838.05 3068.65 3244.05 3344.4 
0.0 67.5 232.25 402.65 609.65 832.25 937.05 1132.7 1313.75 1569.85 1719.15 1849.4 2045.6 2195.7 2393.45 2561.85 2785.45 3005.35 3249.6 3403.6 
0.0 65.55 227.55 389.8 590.7 809.65 975.6 1118.7 1346.9 1580.2 1751.9 1890.0 2062.45 2194.35 2404.8 2582.7 2825.1 3052.1 3315.75 3513.15 
0.0 57.85 225.4 415.55 596.85 819.8 991.9 1150.95 1362.35 1584.35 1811.25 1942.65 2095.15 2234.2 2434.0 2636.65 2887.95 3080.95 3274.5 3634.25 
0.0 61.95 222.1 406.7 595.05 856.75 989.95 1183.8 1368.85 1591.6 1846.05 1999.9 2132.75 2308.35 2498.3 2688.45 2877.65 3075.3 3305.15 3578.9 
0.05 55.8 216.95 432.45 604.55 834.05 1031.4 1179.55 1376.55 1584.5 1819.25 2016.65 2211.25 2348.5 2542.6 2738.75 2908.15 3127.1 3375.8 3614.35 
0.0 56.35 218.75 437.2 608.05 825.55 1041.7 1219.1 1380.15 1597.8 1847.1 2088.9 2235.0 2406.1 2608.85 2733.35 2953.3 3183.45 3357.0 3712.75 
0.0 55.8 199.8 435.5 602.5 845.6 1078.7 1204.7 1387.35 1625.85 1846.6 2121.25 2331.05 2468.7 2592.05 2804.35 2955.65 3242.9 3401.5 3642.0 
0.05 52.55 209.6 441.75 618.15 849.95 1066.5 1230.4 1467.85 1619.8 1868.0 2082.8 2328.4 2491.15 2679.75 2837.25 3030.6 3235.55 3432.95 3664.4 
0.0 58.25 201.55 426.95 604.9 819.5 1073.25 1245.05 1413.7 1608.55 1816.6 2112.75 2370.65 2521.3 2702.4 2833.7 3049.05 3233.8 3515.5 3659.15 
0.0 54.05 197.95 431.95 601.2 815.4 1059.25 1243.85 1399.0 1640.9 1871.3 2086.3 2367.8 2559.95 2710.95 2886.55 3087.0 3262.45 3501.2 3656.7 
0.0 55.9 184.95 433.25 617.6 801.0 1078.05 1251.3 1425.0 1628.6 1843.1 2108.15 2375.5 2595.85 2762.35 2921.95 3084.7 3323.45 3425.75 3725.75 
0.0 52.65 189.35 434.35 602.9 807.9 1050.45 1267.8 1447.75 1665.25 1859.1 2073.95 2309.7 2643.4 2811.25 2938.85 3110.65 3285.8 3485.45 3688.2 
0.0 47.0 186.95 405.05 603.05 798.85 1057.05 1278.0 1445.45 1627.05 1817.3 2096.25 2324.65 2571.5 2781.35 2951.4 3149.65 3317.85 3446.5 3693.8 
0.0 47.2 185.05 413.1 616.75 797.85 1014.7 1309.0 1488.8 1607.45 1829.4 2060.0 2313.5 2609.15 2810.6 3000.65 3158.4 3309.7 3497.5 3692.6 
0.15 47.15 169.0 374.65 605.25 785.5 988.25 1332.05 1438.65 1654.85 1832.55 2045.95 2224.15 2564.15 2853.15 3021.25 3150.0 3356.9 3477.5 3687.05 
0.05 45.1 166.3 371.95 596.65 787.7 1010.65 1283.15 1445.25 1642.3 1809.1 2010.05 2291.0 2486.5 2795.15 2980.4 3154.6 3390.4 3513.85 3681.15 
0.0 46.6 162.95 355.9 604.7 793.8 969.2 1228.8 1425.5 1623.45 1781.15 1972.15 2253.55 2500.85 2736.5 2976.2 3089.2 3309.1 3526.85 3638.45 
0.0 42.1 156.4 343.95 572.9 769.0 983.7 1224.5 1427.85 1590.65 1772.3 1998.1 2193.85 2471.05 2706.2 3021.15 3113.3 3285.55 3426.05 3670.45 
0.05 46.3 151.6 340.45 581.45 752.1 938.55 1194.7 1428.25 1581.05 1747.75 1963.9 2182.0 2401.2 2633.55 2985.9 3110.4 3285.8 3443.2 3631.05 
0.0 45.15 155.75 335.1 582.45 759.55 921.65 1170.3 1452.6 1565.45 1753.45 1937.8 2163.1 2340.05 2620.1 2888.1 3099.75 3277.6 3419.8 3584.95 
0.2 41.85 145.6 322.15 563.9 729.05 915.6 1157.45 1407.45 1589.2 1700.3 1911.0 2065.65 2301.1 2551.95 2804.0 3122.85 3189.55 3357.05 3520.1 
0.1 38.1 146.45 313.8 549.2 724.15 863.75 1130.8 1376.45 1538.0 1691.35 1857.6 2068.65 2266.35 2491.65 2679.7 3038.1 3234.85 3324.75 3475.35 
0.0 39.5 139.0 300.95 541.1 674.8 869.6 1079.75 1348.5 1488.9 1676.3 1829.75 1968.25 2203.85 2445.9 2673.55 2926.95 3113.7 3293.25 3412.65 
0.0 36.25 135.05 283.25 522.8 681.4 837.45 1044.45 1304.95 1484.85 1643.35 1810.55 1943.8 2163.9 2372.95 2551.5 2811.75 3063.9 3227.15 3347.85 
